ANTISYMMETRIZING IN THREEBODY JACOBI-HO-CHANNELS
   channel  2*J  2*T   PI    N  #|alpha>   #|NiJT>
         1    1    1    +            504       169
                             0         2         1   0 s 0 ms                 0 s 10 ms
                             2        12         4   0 s 0 ms                 0 s 0 ms
                             4        30        10   0 s 2 ms                 0 s 0 ms
                             6        56        19   0 s 6 ms                 0 s 885 ms
                             8        90        30   0 s 217 ms               0 s 383 ms
                            10       132        44   0 s 606 ms               0 s 270 ms
                            12       182        61   1 s 609 ms               0 s 807 ms
                                           dim[P]asm =          169
                                                     0.160 MByte
                                                       total time = 4 s 887 ms
 
HARMONIC OSCILLATOR BASIS
ALPHA CHANNELS AND CONFIGURATIONS
          #.         no.   <&>     N   2*J   2*T    PI  N_12   n12 2*l12 2*s12 2*j12 2*t12  pi12   N_3    n3  2*l3  2*s3  2*j3  2*t3   pi3
<> 
           1           1     T     0     1     1     +     0     0     0     0     0     2     +     0     0     0     1     1     1     +
           2           2     T     0     1     1     +     0     0     0     2     2     0     +     0     0     0     1     1     1     +
           3           3     T     2     1     1     +     0     0     0     2     2     0     +     2     0     4     1     3     1     +
           4           4     T     2     1     1     +     1     0     2     0     2     0     -     1     0     2     1     1     1     -
           5           5     T     2     1     1     +     1     0     2     0     2     0     -     1     0     2     1     3     1     -
           6           6     T     2     1     1     +     1     0     2     2     0     2     -     1     0     2     1     1     1     -
           7           7     T     2     1     1     +     1     0     2     2     2     2     -     1     0     2     1     1     1     -
           8           8     T     2     1     1     +     1     0     2     2     2     2     -     1     0     2     1     3     1     -
           9           9     T     2     1     1     +     1     0     2     2     4     2     -     1     0     2     1     3     1     -
          10          10     T     2     1     1     +     2     0     4     2     2     0     +     0     0     0     1     1     1     +
          11          11     T     2     1     1     +     0     0     0     0     0     2     +     2     1     0     1     1     1     +
          12          12     T     2     1     1     +     0     0     0     2     2     0     +     2     1     0     1     1     1     +
          13          13     T     2     1     1     +     2     1     0     0     0     2     +     0     0     0     1     1     1     +
          14          14     T     2     1     1     +     2     1     0     2     2     0     +     0     0     0     1     1     1     +
          15          15     T     4     1     1     +     1     0     2     2     4     2     -     3     0     6     1     5     1     -
          16          16     T     4     1     1     +     2     0     4     0     4     2     +     2     0     4     1     3     1     +
          17          17     T     4     1     1     +     2     0     4     0     4     2     +     2     0     4     1     5     1     +
          18          18     T     4     1     1     +     2     0     4     2     2     0     +     2     0     4     1     3     1     +
          19          19     T     4     1     1     +     2     0     4     2     4     0     +     2     0     4     1     3     1     +
          20          20     T     4     1     1     +     2     0     4     2     4     0     +     2     0     4     1     5     1     +
          21          21     T     4     1     1     +     2     0     4     2     6     0     +     2     0     4     1     5     1     +
          22          22     T     4     1     1     +     3     0     6     2     4     2     -     1     0     2     1     3     1     -
          23          23     T     4     1     1     +     0     0     0     2     2     0     +     4     1     4     1     3     1     +
          24          24     T     4     1     1     +     1     0     2     0     2     0     -     3     1     2     1     1     1     -
          25          25     T     4     1     1     +     1     0     2     0     2     0     -     3     1     2     1     3     1     -
          26          26     T     4     1     1     +     1     0     2     2     0     2     -     3     1     2     1     1     1     -
          27          27     T     4     1     1     +     1     0     2     2     2     2     -     3     1     2     1     1     1     -
          28          28     T     4     1     1     +     1     0     2     2     2     2     -     3     1     2     1     3     1     -
          29          29     T     4     1     1     +     1     0     2     2     4     2     -     3     1     2     1     3     1     -
          30          30     T     4     1     1     +     2     0     4     2     2     0     +     2     1     0     1     1     1     +
          31          31     T     4     1     1     +     0     0     0     0     0     2     +     4     2     0     1     1     1     +
          32          32     T     4     1     1     +     0     0     0     2     2     0     +     4     2     0     1     1     1     +
          33          33     T     4     1     1     +     2     1     0     2     2     0     +     2     0     4     1     3     1     +
          34          34     T     4     1     1     +     3     1     2     0     2     0     -     1     0     2     1     1     1     -
          35          35     T     4     1     1     +     3     1     2     0     2     0     -     1     0     2     1     3     1     -
          36          36     T     4     1     1     +     3     1     2     2     0     2     -     1     0     2     1     1     1     -
          37          37     T     4     1     1     +     3     1     2     2     2     2     -     1     0     2     1     1     1     -
          38          38     T     4     1     1     +     3     1     2     2     2     2     -     1     0     2     1     3     1     -
          39          39     T     4     1     1     +     3     1     2     2     4     2     -     1     0     2     1     3     1     -
          40          40     T     4     1     1     +     4     1     4     2     2     0     +     0     0     0     1     1     1     +
          41          41     T     4     1     1     +     2     1     0     0     0     2     +     2     1     0     1     1     1     +
          42          42     T     4     1     1     +     2     1     0     2     2     0     +     2     1     0     1     1     1     +
          43          43     T     4     1     1     +     4     2     0     0     0     2     +     0     0     0     1     1     1     +
          44          44     T     4     1     1     +     4     2     0     2     2     0     +     0     0     0     1     1     1     +
          45          45     T     6     1     1     +     2     0     4     2     6     0     +     4     0     8     1     7     1     +
          46          46     T     6     1     1     +     3     0     6     0     6     0     -     3     0     6     1     5     1     -
          47          47     T     6     1     1     +     3     0     6     0     6     0     -     3     0     6     1     7     1     -
          48          48     T     6     1     1     +     3     0     6     2     4     2     -     3     0     6     1     5     1     -
          49          49     T     6     1     1     +     3     0     6     2     6     2     -     3     0     6     1     5     1     -
          50          50     T     6     1     1     +     3     0     6     2     6     2     -     3     0     6     1     7     1     -
          51          51     T     6     1     1     +     3     0     6     2     8     2     -     3     0     6     1     7     1     -
          52          52     T     6     1     1     +     4     0     8     2     6     0     +     2     0     4     1     5     1     +
          53          53     T     6     1     1     +     1     0     2     2     4     2     -     5     1     6     1     5     1     -
          54          54     T     6     1     1     +     2     0     4     0     4     2     +     4     1     4     1     3     1     +
          55          55     T     6     1     1     +     2     0     4     0     4     2     +     4     1     4     1     5     1     +
          56          56     T     6     1     1     +     2     0     4     2     2     0     +     4     1     4     1     3     1     +
          57          57     T     6     1     1     +     2     0     4     2     4     0     +     4     1     4     1     3     1     +
          58          58     T     6     1     1     +     2     0     4     2     4     0     +     4     1     4     1     5     1     +
          59          59     T     6     1     1     +     2     0     4     2     6     0     +     4     1     4     1     5     1     +
          60          60     T     6     1     1     +     3     0     6     2     4     2     -     3     1     2     1     3     1     -
          61          61     T     6     1     1     +     0     0     0     2     2     0     +     6     2     4     1     3     1     +
          62          62     T     6     1     1     +     1     0     2     0     2     0     -     5     2     2     1     1     1     -
          63          63     T     6     1     1     +     1     0     2     0     2     0     -     5     2     2     1     3     1     -
          64          64     T     6     1     1     +     1     0     2     2     0     2     -     5     2     2     1     1     1     -
          65          65     T     6     1     1     +     1     0     2     2     2     2     -     5     2     2     1     1     1     -
          66          66     T     6     1     1     +     1     0     2     2     2     2     -     5     2     2     1     3     1     -
          67          67     T     6     1     1     +     1     0     2     2     4     2     -     5     2     2     1     3     1     -
          68          68     T     6     1     1     +     2     0     4     2     2     0     +     4     2     0     1     1     1     +
          69          69     T     6     1     1     +     0     0     0     0     0     2     +     6     3     0     1     1     1     +
          70          70     T     6     1     1     +     0     0     0     2     2     0     +     6     3     0     1     1     1     +
          71          71     T     6     1     1     +     3     1     2     2     4     2     -     3     0     6     1     5     1     -
          72          72     T     6     1     1     +     4     1     4     0     4     2     +     2     0     4     1     3     1     +
          73          73     T     6     1     1     +     4     1     4     0     4     2     +     2     0     4     1     5     1     +
          74          74     T     6     1     1     +     4     1     4     2     2     0     +     2     0     4     1     3     1     +
          75          75     T     6     1     1     +     4     1     4     2     4     0     +     2     0     4     1     3     1     +
          76          76     T     6     1     1     +     4     1     4     2     4     0     +     2     0     4     1     5     1     +
          77          77     T     6     1     1     +     4     1     4     2     6     0     +     2     0     4     1     5     1     +
          78          78     T     6     1     1     +     5     1     6     2     4     2     -     1     0     2     1     3     1     -
          79          79     T     6     1     1     +     2     1     0     2     2     0     +     4     1     4     1     3     1     +
          80          80     T     6     1     1     +     3     1     2     0     2     0     -     3     1     2     1     1     1     -
          81          81     T     6     1     1     +     3     1     2     0     2     0     -     3     1     2     1     3     1     -
          82          82     T     6     1     1     +     3     1     2     2     0     2     -     3     1     2     1     1     1     -
          83          83     T     6     1     1     +     3     1     2     2     2     2     -     3     1     2     1     1     1     -
          84          84     T     6     1     1     +     3     1     2     2     2     2     -     3     1     2     1     3     1     -
          85          85     T     6     1     1     +     3     1     2     2     4     2     -     3     1     2     1     3     1     -
          86          86     T     6     1     1     +     4     1     4     2     2     0     +     2     1     0     1     1     1     +
          87          87     T     6     1     1     +     2     1     0     0     0     2     +     4     2     0     1     1     1     +
          88          88     T     6     1     1     +     2     1     0     2     2     0     +     4     2     0     1     1     1     +
          89          89     T     6     1     1     +     4     2     0     2     2     0     +     2     0     4     1     3     1     +
          90          90     T     6     1     1     +     5     2     2     0     2     0     -     1     0     2     1     1     1     -
          91          91     T     6     1     1     +     5     2     2     0     2     0     -     1     0     2     1     3     1     -
          92          92     T     6     1     1     +     5     2     2     2     0     2     -     1     0     2     1     1     1     -
          93          93     T     6     1     1     +     5     2     2     2     2     2     -     1     0     2     1     1     1     -
          94          94     T     6     1     1     +     5     2     2     2     2     2     -     1     0     2     1     3     1     -
          95          95     T     6     1     1     +     5     2     2     2     4     2     -     1     0     2     1     3     1     -
          96          96     T     6     1     1     +     6     2     4     2     2     0     +     0     0     0     1     1     1     +
          97          97     T     6     1     1     +     4     2     0     0     0     2     +     2     1     0     1     1     1     +
          98          98     T     6     1     1     +     4     2     0     2     2     0     +     2     1     0     1     1     1     +
          99          99     T     6     1     1     +     6     3     0     0     0     2     +     0     0     0     1     1     1     +
         100         100     T     6     1     1     +     6     3     0     2     2     0     +     0     0     0     1     1     1     +
         101         101     T     8     1     1     +     3     0     6     2     8     2     -     5     0    10     1     9     1     -
         102         102     T     8     1     1     +     4     0     8     0     8     2     +     4     0     8     1     7     1     +
         103         103     T     8     1     1     +     4     0     8     0     8     2     +     4     0     8     1     9     1     +
         104         104     T     8     1     1     +     4     0     8     2     6     0     +     4     0     8     1     7     1     +
         105         105     T     8     1     1     +     4     0     8     2     8     0     +     4     0     8     1     7     1     +
         106         106     T     8     1     1     +     4     0     8     2     8     0     +     4     0     8     1     9     1     +
         107         107     T     8     1     1     +     4     0     8     2    10     0     +     4     0     8     1     9     1     +
         108         108     T     8     1     1     +     5     0    10     2     8     2     -     3     0     6     1     7     1     -
         109         109     T     8     1     1     +     2     0     4     2     6     0     +     6     1     8     1     7     1     +
         110         110     T     8     1     1     +     3     0     6     0     6     0     -     5     1     6     1     5     1     -
         111         111     T     8     1     1     +     3     0     6     0     6     0     -     5     1     6     1     7     1     -
         112         112     T     8     1     1     +     3     0     6     2     4     2     -     5     1     6     1     5     1     -
         113         113     T     8     1     1     +     3     0     6     2     6     2     -     5     1     6     1     5     1     -
         114         114     T     8     1     1     +     3     0     6     2     6     2     -     5     1     6     1     7     1     -
         115         115     T     8     1     1     +     3     0     6     2     8     2     -     5     1     6     1     7     1     -
         116         116     T     8     1     1     +     4     0     8     2     6     0     +     4     1     4     1     5     1     +
         117         117     T     8     1     1     +     1     0     2     2     4     2     -     7     2     6     1     5     1     -
         118         118     T     8     1     1     +     2     0     4     0     4     2     +     6     2     4     1     3     1     +
         119         119     T     8     1     1     +     2     0     4     0     4     2     +     6     2     4     1     5     1     +
         120         120     T     8     1     1     +     2     0     4     2     2     0     +     6     2     4     1     3     1     +
         121         121     T     8     1     1     +     2     0     4     2     4     0     +     6     2     4     1     3     1     +
         122         122     T     8     1     1     +     2     0     4     2     4     0     +     6     2     4     1     5     1     +
         123         123     T     8     1     1     +     2     0     4     2     6     0     +     6     2     4     1     5     1     +
         124         124     T     8     1     1     +     3     0     6     2     4     2     -     5     2     2     1     3     1     -
         125         125     T     8     1     1     +     0     0     0     2     2     0     +     8     3     4     1     3     1     +
         126         126     T     8     1     1     +     1     0     2     0     2     0     -     7     3     2     1     1     1     -
         127         127     T     8     1     1     +     1     0     2     0     2     0     -     7     3     2     1     3     1     -
         128         128     T     8     1     1     +     1     0     2     2     0     2     -     7     3     2     1     1     1     -
         129         129     T     8     1     1     +     1     0     2     2     2     2     -     7     3     2     1     1     1     -
         130         130     T     8     1     1     +     1     0     2     2     2     2     -     7     3     2     1     3     1     -
         131         131     T     8     1     1     +     1     0     2     2     4     2     -     7     3     2     1     3     1     -
         132         132     T     8     1     1     +     2     0     4     2     2     0     +     6     3     0     1     1     1     +
         133         133     T     8     1     1     +     0     0     0     0     0     2     +     8     4     0     1     1     1     +
         134         134     T     8     1     1     +     0     0     0     2     2     0     +     8     4     0     1     1     1     +
         135         135     T     8     1     1     +     4     1     4     2     6     0     +     4     0     8     1     7     1     +
         136         136     T     8     1     1     +     5     1     6     0     6     0     -     3     0     6     1     5     1     -
         137         137     T     8     1     1     +     5     1     6     0     6     0     -     3     0     6     1     7     1     -
         138         138     T     8     1     1     +     5     1     6     2     4     2     -     3     0     6     1     5     1     -
         139         139     T     8     1     1     +     5     1     6     2     6     2     -     3     0     6     1     5     1     -
         140         140     T     8     1     1     +     5     1     6     2     6     2     -     3     0     6     1     7     1     -
         141         141     T     8     1     1     +     5     1     6     2     8     2     -     3     0     6     1     7     1     -
         142         142     T     8     1     1     +     6     1     8     2     6     0     +     2     0     4     1     5     1     +
         143         143     T     8     1     1     +     3     1     2     2     4     2     -     5     1     6     1     5     1     -
         144         144     T     8     1     1     +     4     1     4     0     4     2     +     4     1     4     1     3     1     +
         145         145     T     8     1     1     +     4     1     4     0     4     2     +     4     1     4     1     5     1     +
         146         146     T     8     1     1     +     4     1     4     2     2     0     +     4     1     4     1     3     1     +
         147         147     T     8     1     1     +     4     1     4     2     4     0     +     4     1     4     1     3     1     +
         148         148     T     8     1     1     +     4     1     4     2     4     0     +     4     1     4     1     5     1     +
         149         149     T     8     1     1     +     4     1     4     2     6     0     +     4     1     4     1     5     1     +
         150         150     T     8     1     1     +     5     1     6     2     4     2     -     3     1     2     1     3     1     -
         151         151     T     8     1     1     +     2     1     0     2     2     0     +     6     2     4     1     3     1     +
         152         152     T     8     1     1     +     3     1     2     0     2     0     -     5     2     2     1     1     1     -
         153         153     T     8     1     1     +     3     1     2     0     2     0     -     5     2     2     1     3     1     -
         154         154     T     8     1     1     +     3     1     2     2     0     2     -     5     2     2     1     1     1     -
         155         155     T     8     1     1     +     3     1     2     2     2     2     -     5     2     2     1     1     1     -
         156         156     T     8     1     1     +     3     1     2     2     2     2     -     5     2     2     1     3     1     -
         157         157     T     8     1     1     +     3     1     2     2     4     2     -     5     2     2     1     3     1     -
         158         158     T     8     1     1     +     4     1     4     2     2     0     +     4     2     0     1     1     1     +
         159         159     T     8     1     1     +     2     1     0     0     0     2     +     6     3     0     1     1     1     +
         160         160     T     8     1     1     +     2     1     0     2     2     0     +     6     3     0     1     1     1     +
         161         161     T     8     1     1     +     5     2     2     2     4     2     -     3     0     6     1     5     1     -
         162         162     T     8     1     1     +     6     2     4     0     4     2     +     2     0     4     1     3     1     +
         163         163     T     8     1     1     +     6     2     4     0     4     2     +     2     0     4     1     5     1     +
         164         164     T     8     1     1     +     6     2     4     2     2     0     +     2     0     4     1     3     1     +
         165         165     T     8     1     1     +     6     2     4     2     4     0     +     2     0     4     1     3     1     +
         166         166     T     8     1     1     +     6     2     4     2     4     0     +     2     0     4     1     5     1     +
         167         167     T     8     1     1     +     6     2     4     2     6     0     +     2     0     4     1     5     1     +
         168         168     T     8     1     1     +     7     2     6     2     4     2     -     1     0     2     1     3     1     -
         169         169     T     8     1     1     +     4     2     0     2     2     0     +     4     1     4     1     3     1     +
         170         170     T     8     1     1     +     5     2     2     0     2     0     -     3     1     2     1     1     1     -
         171         171     T     8     1     1     +     5     2     2     0     2     0     -     3     1     2     1     3     1     -
         172         172     T     8     1     1     +     5     2     2     2     0     2     -     3     1     2     1     1     1     -
         173         173     T     8     1     1     +     5     2     2     2     2     2     -     3     1     2     1     1     1     -
         174         174     T     8     1     1     +     5     2     2     2     2     2     -     3     1     2     1     3     1     -
         175         175     T     8     1     1     +     5     2     2     2     4     2     -     3     1     2     1     3     1     -
         176         176     T     8     1     1     +     6     2     4     2     2     0     +     2     1     0     1     1     1     +
         177         177     T     8     1     1     +     4     2     0     0     0     2     +     4     2     0     1     1     1     +
         178         178     T     8     1     1     +     4     2     0     2     2     0     +     4     2     0     1     1     1     +
         179         179     T     8     1     1     +     6     3     0     2     2     0     +     2     0     4     1     3     1     +
         180         180     T     8     1     1     +     7     3     2     0     2     0     -     1     0     2     1     1     1     -
         181         181     T     8     1     1     +     7     3     2     0     2     0     -     1     0     2     1     3     1     -
         182         182     T     8     1     1     +     7     3     2     2     0     2     -     1     0     2     1     1     1     -
         183         183     T     8     1     1     +     7     3     2     2     2     2     -     1     0     2     1     1     1     -
         184         184     T     8     1     1     +     7     3     2     2     2     2     -     1     0     2     1     3     1     -
         185         185     T     8     1     1     +     7     3     2     2     4     2     -     1     0     2     1     3     1     -
         186         186     T     8     1     1     +     8     3     4     2     2     0     +     0     0     0     1     1     1     +
         187         187     T     8     1     1     +     6     3     0     0     0     2     +     2     1     0     1     1     1     +
         188         188     T     8     1     1     +     6     3     0     2     2     0     +     2     1     0     1     1     1     +
         189         189     T     8     1     1     +     8     4     0     0     0     2     +     0     0     0     1     1     1     +
         190         190     T     8     1     1     +     8     4     0     2     2     0     +     0     0     0     1     1     1     +
         191         191     T    10     1     1     +     4     0     8     2    10     0     +     6     0    12     1    11     1     +
         192         192     T    10     1     1     +     5     0    10     0    10     0     -     5     0    10     1     9     1     -
         193         193     T    10     1     1     +     5     0    10     0    10     0     -     5     0    10     1    11     1     -
         194         194     T    10     1     1     +     5     0    10     2     8     2     -     5     0    10     1     9     1     -
         195         195     T    10     1     1     +     5     0    10     2    10     2     -     5     0    10     1     9     1     -
         196         196     T    10     1     1     +     5     0    10     2    10     2     -     5     0    10     1    11     1     -
         197         197     T    10     1     1     +     5     0    10     2    12     2     -     5     0    10     1    11     1     -
         198         198     T    10     1     1     +     6     0    12     2    10     0     +     4     0     8     1     9     1     +
         199         199     T    10     1     1     +     3     0     6     2     8     2     -     7     1    10     1     9     1     -
         200         200     T    10     1     1     +     4     0     8     0     8     2     +     6     1     8     1     7     1     +
         201         201     T    10     1     1     +     4     0     8     0     8     2     +     6     1     8     1     9     1     +
         202         202     T    10     1     1     +     4     0     8     2     6     0     +     6     1     8     1     7     1     +
         203         203     T    10     1     1     +     4     0     8     2     8     0     +     6     1     8     1     7     1     +
         204         204     T    10     1     1     +     4     0     8     2     8     0     +     6     1     8     1     9     1     +
         205         205     T    10     1     1     +     4     0     8     2    10     0     +     6     1     8     1     9     1     +
         206         206     T    10     1     1     +     5     0    10     2     8     2     -     5     1     6     1     7     1     -
         207         207     T    10     1     1     +     2     0     4     2     6     0     +     8     2     8     1     7     1     +
         208         208     T    10     1     1     +     3     0     6     0     6     0     -     7     2     6     1     5     1     -
         209         209     T    10     1     1     +     3     0     6     0     6     0     -     7     2     6     1     7     1     -
         210         210     T    10     1     1     +     3     0     6     2     4     2     -     7     2     6     1     5     1     -
         211         211     T    10     1     1     +     3     0     6     2     6     2     -     7     2     6     1     5     1     -
         212         212     T    10     1     1     +     3     0     6     2     6     2     -     7     2     6     1     7     1     -
         213         213     T    10     1     1     +     3     0     6     2     8     2     -     7     2     6     1     7     1     -
         214         214     T    10     1     1     +     4     0     8     2     6     0     +     6     2     4     1     5     1     +
         215         215     T    10     1     1     +     1     0     2     2     4     2     -     9     3     6     1     5     1     -
         216         216     T    10     1     1     +     2     0     4     0     4     2     +     8     3     4     1     3     1     +
         217         217     T    10     1     1     +     2     0     4     0     4     2     +     8     3     4     1     5     1     +
         218         218     T    10     1     1     +     2     0     4     2     2     0     +     8     3     4     1     3     1     +
         219         219     T    10     1     1     +     2     0     4     2     4     0     +     8     3     4     1     3     1     +
         220         220     T    10     1     1     +     2     0     4     2     4     0     +     8     3     4     1     5     1     +
         221         221     T    10     1     1     +     2     0     4     2     6     0     +     8     3     4     1     5     1     +
         222         222     T    10     1     1     +     3     0     6     2     4     2     -     7     3     2     1     3     1     -
         223         223     T    10     1     1     +     0     0     0     2     2     0     +    10     4     4     1     3     1     +
         224         224     T    10     1     1     +     1     0     2     0     2     0     -     9     4     2     1     1     1     -
         225         225     T    10     1     1     +     1     0     2     0     2     0     -     9     4     2     1     3     1     -
         226         226     T    10     1     1     +     1     0     2     2     0     2     -     9     4     2     1     1     1     -
         227         227     T    10     1     1     +     1     0     2     2     2     2     -     9     4     2     1     1     1     -
         228         228     T    10     1     1     +     1     0     2     2     2     2     -     9     4     2     1     3     1     -
         229         229     T    10     1     1     +     1     0     2     2     4     2     -     9     4     2     1     3     1     -
         230         230     T    10     1     1     +     2     0     4     2     2     0     +     8     4     0     1     1     1     +
         231         231     T    10     1     1     +     0     0     0     0     0     2     +    10     5     0     1     1     1     +
         232         232     T    10     1     1     +     0     0     0     2     2     0     +    10     5     0     1     1     1     +
         233         233     T    10     1     1     +     5     1     6     2     8     2     -     5     0    10     1     9     1     -
         234         234     T    10     1     1     +     6     1     8     0     8     2     +     4     0     8     1     7     1     +
         235         235     T    10     1     1     +     6     1     8     0     8     2     +     4     0     8     1     9     1     +
         236         236     T    10     1     1     +     6     1     8     2     6     0     +     4     0     8     1     7     1     +
         237         237     T    10     1     1     +     6     1     8     2     8     0     +     4     0     8     1     7     1     +
         238         238     T    10     1     1     +     6     1     8     2     8     0     +     4     0     8     1     9     1     +
         239         239     T    10     1     1     +     6     1     8     2    10     0     +     4     0     8     1     9     1     +
         240         240     T    10     1     1     +     7     1    10     2     8     2     -     3     0     6     1     7     1     -
         241         241     T    10     1     1     +     4     1     4     2     6     0     +     6     1     8     1     7     1     +
         242         242     T    10     1     1     +     5     1     6     0     6     0     -     5     1     6     1     5     1     -
         243         243     T    10     1     1     +     5     1     6     0     6     0     -     5     1     6     1     7     1     -
         244         244     T    10     1     1     +     5     1     6     2     4     2     -     5     1     6     1     5     1     -
         245         245     T    10     1     1     +     5     1     6     2     6     2     -     5     1     6     1     5     1     -
         246         246     T    10     1     1     +     5     1     6     2     6     2     -     5     1     6     1     7     1     -
         247         247     T    10     1     1     +     5     1     6     2     8     2     -     5     1     6     1     7     1     -
         248         248     T    10     1     1     +     6     1     8     2     6     0     +     4     1     4     1     5     1     +
         249         249     T    10     1     1     +     3     1     2     2     4     2     -     7     2     6     1     5     1     -
         250         250     T    10     1     1     +     4     1     4     0     4     2     +     6     2     4     1     3     1     +
         251         251     T    10     1     1     +     4     1     4     0     4     2     +     6     2     4     1     5     1     +
         252         252     T    10     1     1     +     4     1     4     2     2     0     +     6     2     4     1     3     1     +
         253         253     T    10     1     1     +     4     1     4     2     4     0     +     6     2     4     1     3     1     +
         254         254     T    10     1     1     +     4     1     4     2     4     0     +     6     2     4     1     5     1     +
         255         255     T    10     1     1     +     4     1     4     2     6     0     +     6     2     4     1     5     1     +
         256         256     T    10     1     1     +     5     1     6     2     4     2     -     5     2     2     1     3     1     -
         257         257     T    10     1     1     +     2     1     0     2     2     0     +     8     3     4     1     3     1     +
         258         258     T    10     1     1     +     3     1     2     0     2     0     -     7     3     2     1     1     1     -
         259         259     T    10     1     1     +     3     1     2     0     2     0     -     7     3     2     1     3     1     -
         260         260     T    10     1     1     +     3     1     2     2     0     2     -     7     3     2     1     1     1     -
         261         261     T    10     1     1     +     3     1     2     2     2     2     -     7     3     2     1     1     1     -
         262         262     T    10     1     1     +     3     1     2     2     2     2     -     7     3     2     1     3     1     -
         263         263     T    10     1     1     +     3     1     2     2     4     2     -     7     3     2     1     3     1     -
         264         264     T    10     1     1     +     4     1     4     2     2     0     +     6     3     0     1     1     1     +
         265         265     T    10     1     1     +     2     1     0     0     0     2     +     8     4     0     1     1     1     +
         266         266     T    10     1     1     +     2     1     0     2     2     0     +     8     4     0     1     1     1     +
         267         267     T    10     1     1     +     6     2     4     2     6     0     +     4     0     8     1     7     1     +
         268         268     T    10     1     1     +     7     2     6     0     6     0     -     3     0     6     1     5     1     -
         269         269     T    10     1     1     +     7     2     6     0     6     0     -     3     0     6     1     7     1     -
         270         270     T    10     1     1     +     7     2     6     2     4     2     -     3     0     6     1     5     1     -
         271         271     T    10     1     1     +     7     2     6     2     6     2     -     3     0     6     1     5     1     -
         272         272     T    10     1     1     +     7     2     6     2     6     2     -     3     0     6     1     7     1     -
         273         273     T    10     1     1     +     7     2     6     2     8     2     -     3     0     6     1     7     1     -
         274         274     T    10     1     1     +     8     2     8     2     6     0     +     2     0     4     1     5     1     +
         275         275     T    10     1     1     +     5     2     2     2     4     2     -     5     1     6     1     5     1     -
         276         276     T    10     1     1     +     6     2     4     0     4     2     +     4     1     4     1     3     1     +
         277         277     T    10     1     1     +     6     2     4     0     4     2     +     4     1     4     1     5     1     +
         278         278     T    10     1     1     +     6     2     4     2     2     0     +     4     1     4     1     3     1     +
         279         279     T    10     1     1     +     6     2     4     2     4     0     +     4     1     4     1     3     1     +
         280         280     T    10     1     1     +     6     2     4     2     4     0     +     4     1     4     1     5     1     +
         281         281     T    10     1     1     +     6     2     4     2     6     0     +     4     1     4     1     5     1     +
         282         282     T    10     1     1     +     7     2     6     2     4     2     -     3     1     2     1     3     1     -
         283         283     T    10     1     1     +     4     2     0     2     2     0     +     6     2     4     1     3     1     +
         284         284     T    10     1     1     +     5     2     2     0     2     0     -     5     2     2     1     1     1     -
         285         285     T    10     1     1     +     5     2     2     0     2     0     -     5     2     2     1     3     1     -
         286         286     T    10     1     1     +     5     2     2     2     0     2     -     5     2     2     1     1     1     -
         287         287     T    10     1     1     +     5     2     2     2     2     2     -     5     2     2     1     1     1     -
         288         288     T    10     1     1     +     5     2     2     2     2     2     -     5     2     2     1     3     1     -
         289         289     T    10     1     1     +     5     2     2     2     4     2     -     5     2     2     1     3     1     -
         290         290     T    10     1     1     +     6     2     4     2     2     0     +     4     2     0     1     1     1     +
         291         291     T    10     1     1     +     4     2     0     0     0     2     +     6     3     0     1     1     1     +
         292         292     T    10     1     1     +     4     2     0     2     2     0     +     6     3     0     1     1     1     +
         293         293     T    10     1     1     +     7     3     2     2     4     2     -     3     0     6     1     5     1     -
         294         294     T    10     1     1     +     8     3     4     0     4     2     +     2     0     4     1     3     1     +
         295         295     T    10     1     1     +     8     3     4     0     4     2     +     2     0     4     1     5     1     +
         296         296     T    10     1     1     +     8     3     4     2     2     0     +     2     0     4     1     3     1     +
         297         297     T    10     1     1     +     8     3     4     2     4     0     +     2     0     4     1     3     1     +
         298         298     T    10     1     1     +     8     3     4     2     4     0     +     2     0     4     1     5     1     +
         299         299     T    10     1     1     +     8     3     4     2     6     0     +     2     0     4     1     5     1     +
         300         300     T    10     1     1     +     9     3     6     2     4     2     -     1     0     2     1     3     1     -
         301         301     T    10     1     1     +     6     3     0     2     2     0     +     4     1     4     1     3     1     +
         302         302     T    10     1     1     +     7     3     2     0     2     0     -     3     1     2     1     1     1     -
         303         303     T    10     1     1     +     7     3     2     0     2     0     -     3     1     2     1     3     1     -
         304         304     T    10     1     1     +     7     3     2     2     0     2     -     3     1     2     1     1     1     -
         305         305     T    10     1     1     +     7     3     2     2     2     2     -     3     1     2     1     1     1     -
         306         306     T    10     1     1     +     7     3     2     2     2     2     -     3     1     2     1     3     1     -
         307         307     T    10     1     1     +     7     3     2     2     4     2     -     3     1     2     1     3     1     -
         308         308     T    10     1     1     +     8     3     4     2     2     0     +     2     1     0     1     1     1     +
         309         309     T    10     1     1     +     6     3     0     0     0     2     +     4     2     0     1     1     1     +
         310         310     T    10     1     1     +     6     3     0     2     2     0     +     4     2     0     1     1     1     +
         311         311     T    10     1     1     +     8     4     0     2     2     0     +     2     0     4     1     3     1     +
         312         312     T    10     1     1     +     9     4     2     0     2     0     -     1     0     2     1     1     1     -
         313         313     T    10     1     1     +     9     4     2     0     2     0     -     1     0     2     1     3     1     -
         314         314     T    10     1     1     +     9     4     2     2     0     2     -     1     0     2     1     1     1     -
         315         315     T    10     1     1     +     9     4     2     2     2     2     -     1     0     2     1     1     1     -
         316         316     T    10     1     1     +     9     4     2     2     2     2     -     1     0     2     1     3     1     -
         317         317     T    10     1     1     +     9     4     2     2     4     2     -     1     0     2     1     3     1     -
         318         318     T    10     1     1     +    10     4     4     2     2     0     +     0     0     0     1     1     1     +
         319         319     T    10     1     1     +     8     4     0     0     0     2     +     2     1     0     1     1     1     +
         320         320     T    10     1     1     +     8     4     0     2     2     0     +     2     1     0     1     1     1     +
         321         321     T    10     1     1     +    10     5     0     0     0     2     +     0     0     0     1     1     1     +
         322         322     T    10     1     1     +    10     5     0     2     2     0     +     0     0     0     1     1     1     +
         323         323     T    12     1     1     +     5     0    10     2    12     2     -     7     0    14     1    13     1     -
         324         324     T    12     1     1     +     6     0    12     0    12     2     +     6     0    12     1    11     1     +
         325         325     T    12     1     1     +     6     0    12     0    12     2     +     6     0    12     1    13     1     +
         326         326     T    12     1     1     +     6     0    12     2    10     0     +     6     0    12     1    11     1     +
         327         327     T    12     1     1     +     6     0    12     2    12     0     +     6     0    12     1    11     1     +
         328         328     T    12     1     1     +     6     0    12     2    12     0     +     6     0    12     1    13     1     +
         329         329     F    12     1     1     +     6     0    12     2    14     0     +     6     0    12     1    13     1     +
         330         330     T    12     1     1     +     7     0    14     2    12     2     -     5     0    10     1    11     1     -
         331         331     T    12     1     1     +     4     0     8     2    10     0     +     8     1    12     1    11     1     +
         332         332     T    12     1     1     +     5     0    10     0    10     0     -     7     1    10     1     9     1     -
         333         333     T    12     1     1     +     5     0    10     0    10     0     -     7     1    10     1    11     1     -
         334         334     T    12     1     1     +     5     0    10     2     8     2     -     7     1    10     1     9     1     -
         335         335     T    12     1     1     +     5     0    10     2    10     2     -     7     1    10     1     9     1     -
         336         336     T    12     1     1     +     5     0    10     2    10     2     -     7     1    10     1    11     1     -
         337         337     T    12     1     1     +     5     0    10     2    12     2     -     7     1    10     1    11     1     -
         338         338     T    12     1     1     +     6     0    12     2    10     0     +     6     1     8     1     9     1     +
         339         339     T    12     1     1     +     3     0     6     2     8     2     -     9     2    10     1     9     1     -
         340         340     T    12     1     1     +     4     0     8     0     8     2     +     8     2     8     1     7     1     +
         341         341     T    12     1     1     +     4     0     8     0     8     2     +     8     2     8     1     9     1     +
         342         342     T    12     1     1     +     4     0     8     2     6     0     +     8     2     8     1     7     1     +
         343         343     T    12     1     1     +     4     0     8     2     8     0     +     8     2     8     1     7     1     +
         344         344     T    12     1     1     +     4     0     8     2     8     0     +     8     2     8     1     9     1     +
         345         345     T    12     1     1     +     4     0     8     2    10     0     +     8     2     8     1     9     1     +
         346         346     T    12     1     1     +     5     0    10     2     8     2     -     7     2     6     1     7     1     -
         347         347     T    12     1     1     +     2     0     4     2     6     0     +    10     3     8     1     7     1     +
         348         348     T    12     1     1     +     3     0     6     0     6     0     -     9     3     6     1     5     1     -
         349         349     T    12     1     1     +     3     0     6     0     6     0     -     9     3     6     1     7     1     -
         350         350     T    12     1     1     +     3     0     6     2     4     2     -     9     3     6     1     5     1     -
         351         351     T    12     1     1     +     3     0     6     2     6     2     -     9     3     6     1     5     1     -
         352         352     T    12     1     1     +     3     0     6     2     6     2     -     9     3     6     1     7     1     -
         353         353     T    12     1     1     +     3     0     6     2     8     2     -     9     3     6     1     7     1     -
         354         354     T    12     1     1     +     4     0     8     2     6     0     +     8     3     4     1     5     1     +
         355         355     T    12     1     1     +     1     0     2     2     4     2     -    11     4     6     1     5     1     -
         356         356     T    12     1     1     +     2     0     4     0     4     2     +    10     4     4     1     3     1     +
         357         357     T    12     1     1     +     2     0     4     0     4     2     +    10     4     4     1     5     1     +
         358         358     T    12     1     1     +     2     0     4     2     2     0     +    10     4     4     1     3     1     +
         359         359     T    12     1     1     +     2     0     4     2     4     0     +    10     4     4     1     3     1     +
         360         360     T    12     1     1     +     2     0     4     2     4     0     +    10     4     4     1     5     1     +
         361         361     T    12     1     1     +     2     0     4     2     6     0     +    10     4     4     1     5     1     +
         362         362     T    12     1     1     +     3     0     6     2     4     2     -     9     4     2     1     3     1     -
         363         363     T    12     1     1     +     0     0     0     2     2     0     +    12     5     4     1     3     1     +
         364         364     T    12     1     1     +     1     0     2     0     2     0     -    11     5     2     1     1     1     -
         365         365     T    12     1     1     +     1     0     2     0     2     0     -    11     5     2     1     3     1     -
         366         366     T    12     1     1     +     1     0     2     2     0     2     -    11     5     2     1     1     1     -
         367         367     T    12     1     1     +     1     0     2     2     2     2     -    11     5     2     1     1     1     -
         368         368     T    12     1     1     +     1     0     2     2     2     2     -    11     5     2     1     3     1     -
         369         369     T    12     1     1     +     1     0     2     2     4     2     -    11     5     2     1     3     1     -
         370         370     T    12     1     1     +     2     0     4     2     2     0     +    10     5     0     1     1     1     +
         371         371     T    12     1     1     +     0     0     0     0     0     2     +    12     6     0     1     1     1     +
         372         372     T    12     1     1     +     0     0     0     2     2     0     +    12     6     0     1     1     1     +
         373         373     T    12     1     1     +     6     1     8     2    10     0     +     6     0    12     1    11     1     +
         374         374     T    12     1     1     +     7     1    10     0    10     0     -     5     0    10     1     9     1     -
         375         375     T    12     1     1     +     7     1    10     0    10     0     -     5     0    10     1    11     1     -
         376         376     T    12     1     1     +     7     1    10     2     8     2     -     5     0    10     1     9     1     -
         377         377     T    12     1     1     +     7     1    10     2    10     2     -     5     0    10     1     9     1     -
         378         378     T    12     1     1     +     7     1    10     2    10     2     -     5     0    10     1    11     1     -
         379         379     T    12     1     1     +     7     1    10     2    12     2     -     5     0    10     1    11     1     -
         380         380     T    12     1     1     +     8     1    12     2    10     0     +     4     0     8     1     9     1     +
         381         381     T    12     1     1     +     5     1     6     2     8     2     -     7     1    10     1     9     1     -
         382         382     T    12     1     1     +     6     1     8     0     8     2     +     6     1     8     1     7     1     +
         383         383     T    12     1     1     +     6     1     8     0     8     2     +     6     1     8     1     9     1     +
         384         384     T    12     1     1     +     6     1     8     2     6     0     +     6     1     8     1     7     1     +
         385         385     T    12     1     1     +     6     1     8     2     8     0     +     6     1     8     1     7     1     +
         386         386     T    12     1     1     +     6     1     8     2     8     0     +     6     1     8     1     9     1     +
         387         387     T    12     1     1     +     6     1     8     2    10     0     +     6     1     8     1     9     1     +
         388         388     T    12     1     1     +     7     1    10     2     8     2     -     5     1     6     1     7     1     -
         389         389     T    12     1     1     +     4     1     4     2     6     0     +     8     2     8     1     7     1     +
         390         390     T    12     1     1     +     5     1     6     0     6     0     -     7     2     6     1     5     1     -
         391         391     T    12     1     1     +     5     1     6     0     6     0     -     7     2     6     1     7     1     -
         392         392     T    12     1     1     +     5     1     6     2     4     2     -     7     2     6     1     5     1     -
         393         393     T    12     1     1     +     5     1     6     2     6     2     -     7     2     6     1     5     1     -
         394         394     T    12     1     1     +     5     1     6     2     6     2     -     7     2     6     1     7     1     -
         395         395     T    12     1     1     +     5     1     6     2     8     2     -     7     2     6     1     7     1     -
         396         396     T    12     1     1     +     6     1     8     2     6     0     +     6     2     4     1     5     1     +
         397         397     T    12     1     1     +     3     1     2     2     4     2     -     9     3     6     1     5     1     -
         398         398     T    12     1     1     +     4     1     4     0     4     2     +     8     3     4     1     3     1     +
         399         399     T    12     1     1     +     4     1     4     0     4     2     +     8     3     4     1     5     1     +
         400         400     T    12     1     1     +     4     1     4     2     2     0     +     8     3     4     1     3     1     +
         401         401     T    12     1     1     +     4     1     4     2     4     0     +     8     3     4     1     3     1     +
         402         402     T    12     1     1     +     4     1     4     2     4     0     +     8     3     4     1     5     1     +
         403         403     T    12     1     1     +     4     1     4     2     6     0     +     8     3     4     1     5     1     +
         404         404     T    12     1     1     +     5     1     6     2     4     2     -     7     3     2     1     3     1     -
         405         405     T    12     1     1     +     2     1     0     2     2     0     +    10     4     4     1     3     1     +
         406         406     T    12     1     1     +     3     1     2     0     2     0     -     9     4     2     1     1     1     -
         407         407     T    12     1     1     +     3     1     2     0     2     0     -     9     4     2     1     3     1     -
         408         408     T    12     1     1     +     3     1     2     2     0     2     -     9     4     2     1     1     1     -
         409         409     T    12     1     1     +     3     1     2     2     2     2     -     9     4     2     1     1     1     -
         410         410     T    12     1     1     +     3     1     2     2     2     2     -     9     4     2     1     3     1     -
         411         411     T    12     1     1     +     3     1     2     2     4     2     -     9     4     2     1     3     1     -
         412         412     T    12     1     1     +     4     1     4     2     2     0     +     8     4     0     1     1     1     +
         413         413     T    12     1     1     +     2     1     0     0     0     2     +    10     5     0     1     1     1     +
         414         414     T    12     1     1     +     2     1     0     2     2     0     +    10     5     0     1     1     1     +
         415         415     T    12     1     1     +     7     2     6     2     8     2     -     5     0    10     1     9     1     -
         416         416     T    12     1     1     +     8     2     8     0     8     2     +     4     0     8     1     7     1     +
         417         417     T    12     1     1     +     8     2     8     0     8     2     +     4     0     8     1     9     1     +
         418         418     T    12     1     1     +     8     2     8     2     6     0     +     4     0     8     1     7     1     +
         419         419     T    12     1     1     +     8     2     8     2     8     0     +     4     0     8     1     7     1     +
         420         420     T    12     1     1     +     8     2     8     2     8     0     +     4     0     8     1     9     1     +
         421         421     T    12     1     1     +     8     2     8     2    10     0     +     4     0     8     1     9     1     +
         422         422     T    12     1     1     +     9     2    10     2     8     2     -     3     0     6     1     7     1     -
         423         423     T    12     1     1     +     6     2     4     2     6     0     +     6     1     8     1     7     1     +
         424         424     T    12     1     1     +     7     2     6     0     6     0     -     5     1     6     1     5     1     -
         425         425     T    12     1     1     +     7     2     6     0     6     0     -     5     1     6     1     7     1     -
         426         426     T    12     1     1     +     7     2     6     2     4     2     -     5     1     6     1     5     1     -
         427         427     T    12     1     1     +     7     2     6     2     6     2     -     5     1     6     1     5     1     -
         428         428     T    12     1     1     +     7     2     6     2     6     2     -     5     1     6     1     7     1     -
         429         429     T    12     1     1     +     7     2     6     2     8     2     -     5     1     6     1     7     1     -
         430         430     T    12     1     1     +     8     2     8     2     6     0     +     4     1     4     1     5     1     +
         431         431     T    12     1     1     +     5     2     2     2     4     2     -     7     2     6     1     5     1     -
         432         432     T    12     1     1     +     6     2     4     0     4     2     +     6     2     4     1     3     1     +
         433         433     T    12     1     1     +     6     2     4     0     4     2     +     6     2     4     1     5     1     +
         434         434     T    12     1     1     +     6     2     4     2     2     0     +     6     2     4     1     3     1     +
         435         435     T    12     1     1     +     6     2     4     2     4     0     +     6     2     4     1     3     1     +
         436         436     T    12     1     1     +     6     2     4     2     4     0     +     6     2     4     1     5     1     +
         437         437     T    12     1     1     +     6     2     4     2     6     0     +     6     2     4     1     5     1     +
         438         438     T    12     1     1     +     7     2     6     2     4     2     -     5     2     2     1     3     1     -
         439         439     T    12     1     1     +     4     2     0     2     2     0     +     8     3     4     1     3     1     +
         440         440     T    12     1     1     +     5     2     2     0     2     0     -     7     3     2     1     1     1     -
         441         441     T    12     1     1     +     5     2     2     0     2     0     -     7     3     2     1     3     1     -
         442         442     T    12     1     1     +     5     2     2     2     0     2     -     7     3     2     1     1     1     -
         443         443     T    12     1     1     +     5     2     2     2     2     2     -     7     3     2     1     1     1     -
         444         444     T    12     1     1     +     5     2     2     2     2     2     -     7     3     2     1     3     1     -
         445         445     T    12     1     1     +     5     2     2     2     4     2     -     7     3     2     1     3     1     -
         446         446     T    12     1     1     +     6     2     4     2     2     0     +     6     3     0     1     1     1     +
         447         447     T    12     1     1     +     4     2     0     0     0     2     +     8     4     0     1     1     1     +
         448         448     T    12     1     1     +     4     2     0     2     2     0     +     8     4     0     1     1     1     +
         449         449     T    12     1     1     +     8     3     4     2     6     0     +     4     0     8     1     7     1     +
         450         450     T    12     1     1     +     9     3     6     0     6     0     -     3     0     6     1     5     1     -
         451         451     T    12     1     1     +     9     3     6     0     6     0     -     3     0     6     1     7     1     -
         452         452     T    12     1     1     +     9     3     6     2     4     2     -     3     0     6     1     5     1     -
         453         453     T    12     1     1     +     9     3     6     2     6     2     -     3     0     6     1     5     1     -
         454         454     T    12     1     1     +     9     3     6     2     6     2     -     3     0     6     1     7     1     -
         455         455     T    12     1     1     +     9     3     6     2     8     2     -     3     0     6     1     7     1     -
         456         456     T    12     1     1     +    10     3     8     2     6     0     +     2     0     4     1     5     1     +
         457         457     T    12     1     1     +     7     3     2     2     4     2     -     5     1     6     1     5     1     -
         458         458     T    12     1     1     +     8     3     4     0     4     2     +     4     1     4     1     3     1     +
         459         459     T    12     1     1     +     8     3     4     0     4     2     +     4     1     4     1     5     1     +
         460         460     T    12     1     1     +     8     3     4     2     2     0     +     4     1     4     1     3     1     +
         461         461     T    12     1     1     +     8     3     4     2     4     0     +     4     1     4     1     3     1     +
         462         462     T    12     1     1     +     8     3     4     2     4     0     +     4     1     4     1     5     1     +
         463         463     T    12     1     1     +     8     3     4     2     6     0     +     4     1     4     1     5     1     +
         464         464     T    12     1     1     +     9     3     6     2     4     2     -     3     1     2     1     3     1     -
         465         465     T    12     1     1     +     6     3     0     2     2     0     +     6     2     4     1     3     1     +
         466         466     T    12     1     1     +     7     3     2     0     2     0     -     5     2     2     1     1     1     -
         467         467     T    12     1     1     +     7     3     2     0     2     0     -     5     2     2     1     3     1     -
         468         468     T    12     1     1     +     7     3     2     2     0     2     -     5     2     2     1     1     1     -
         469         469     T    12     1     1     +     7     3     2     2     2     2     -     5     2     2     1     1     1     -
         470         470     T    12     1     1     +     7     3     2     2     2     2     -     5     2     2     1     3     1     -
         471         471     T    12     1     1     +     7     3     2     2     4     2     -     5     2     2     1     3     1     -
         472         472     T    12     1     1     +     8     3     4     2     2     0     +     4     2     0     1     1     1     +
         473         473     T    12     1     1     +     6     3     0     0     0     2     +     6     3     0     1     1     1     +
         474         474     T    12     1     1     +     6     3     0     2     2     0     +     6     3     0     1     1     1     +
         475         475     T    12     1     1     +     9     4     2     2     4     2     -     3     0     6     1     5     1     -
         476         476     T    12     1     1     +    10     4     4     0     4     2     +     2     0     4     1     3     1     +
         477         477     T    12     1     1     +    10     4     4     0     4     2     +     2     0     4     1     5     1     +
         478         478     T    12     1     1     +    10     4     4     2     2     0     +     2     0     4     1     3     1     +
         479         479     T    12     1     1     +    10     4     4     2     4     0     +     2     0     4     1     3     1     +
         480         480     T    12     1     1     +    10     4     4     2     4     0     +     2     0     4     1     5     1     +
         481         481     T    12     1     1     +    10     4     4     2     6     0     +     2     0     4     1     5     1     +
         482         482     T    12     1     1     +    11     4     6     2     4     2     -     1     0     2     1     3     1     -
         483         483     T    12     1     1     +     8     4     0     2     2     0     +     4     1     4     1     3     1     +
         484         484     T    12     1     1     +     9     4     2     0     2     0     -     3     1     2     1     1     1     -
         485         485     T    12     1     1     +     9     4     2     0     2     0     -     3     1     2     1     3     1     -
         486         486     T    12     1     1     +     9     4     2     2     0     2     -     3     1     2     1     1     1     -
         487         487     T    12     1     1     +     9     4     2     2     2     2     -     3     1     2     1     1     1     -
         488         488     T    12     1     1     +     9     4     2     2     2     2     -     3     1     2     1     3     1     -
         489         489     T    12     1     1     +     9     4     2     2     4     2     -     3     1     2     1     3     1     -
         490         490     T    12     1     1     +    10     4     4     2     2     0     +     2     1     0     1     1     1     +
         491         491     T    12     1     1     +     8     4     0     0     0     2     +     4     2     0     1     1     1     +
         492         492     T    12     1     1     +     8     4     0     2     2     0     +     4     2     0     1     1     1     +
         493         493     T    12     1     1     +    10     5     0     2     2     0     +     2     0     4     1     3     1     +
         494         494     T    12     1     1     +    11     5     2     0     2     0     -     1     0     2     1     1     1     -
         495         495     T    12     1     1     +    11     5     2     0     2     0     -     1     0     2     1     3     1     -
         496         496     T    12     1     1     +    11     5     2     2     0     2     -     1     0     2     1     1     1     -
         497         497     T    12     1     1     +    11     5     2     2     2     2     -     1     0     2     1     1     1     -
         498         498     T    12     1     1     +    11     5     2     2     2     2     -     1     0     2     1     3     1     -
         499         499     T    12     1     1     +    11     5     2     2     4     2     -     1     0     2     1     3     1     -
         500         500     T    12     1     1     +    12     5     4     2     2     0     +     0     0     0     1     1     1     +
         501         501     T    12     1     1     +    10     5     0     0     0     2     +     2     1     0     1     1     1     +
         502         502     T    12     1     1     +    10     5     0     2     2     0     +     2     1     0     1     1     1     +
         503         503     T    12     1     1     +    12     6     0     0     0     2     +     0     0     0     1     1     1     +
         504         504     T    12     1     1     +    12     6     0     2     2     0     +     0     0     0     1     1     1     +
